188

1118818, 188, 18818181 18818888, 8
88881888, 8888811188, 11, 878.

18188818 umor (or Pfiory) moignes! 18
ο808,11.,811,118,118.

11118,1111881·1,11 not 81131818 181 8818888118
811881, 8118.

1811188881,181818118 1818118818 11188881-
1888181181 188 Prior 888 0881118888,
1., 1, 18, 81, 188-11, 11,, 1111 provi.
11881 1181888188 181 188 Prior 1181181
attending, ³⁹²3 188 8118888811 118888 18
bo present to 881188 18811181,448; 8
1181118118 speech 8881811811 1ο,111.,874.

1811888181, 188, 8881818881] 18 188
1188811888, 111, 288.

1881818, 11818. dc, commissioncr 8118118111,
1., ’181 ι 1888811881· 81 Men-othum, 198.
,, 1888811188,11.,1118,1114.

,, Domo Magno, 81181 18 188
monor court 811181818881, 11,, 108, 104,
488.

1881888188.. audituros 1118 Apostolic
181888, 11188181 81 1118 Prior 81 188
(1111818118.

1818, 188, 88881 81 Moschum, 11, 480.

188888, 8111.,8ο8818818 81 118181 081118,
1.,118.

188888, John, 8 8188188181 from tho
111881 111888, 11, 888.

18888881, 11811, 1188811881 81 1881 81, 11,
4171 111.,1101.

18811183. 1188. 888 18888118, 118188 81188
8188818881) at 11888881, 868.

1888181, 11188, 188181 81 81881818, cn
cxccntor. 11,, 418.

1818818, 818 John, commemorated in
Amndcl’s 81888 18 ch. Ch„ 11,, 1114.

88111818 18811888881 81 cpmopnl 8188-
11881, 1.,11.
„ „ (Aymcr 8811818888),

111le

1881,’188.,81111 811 vise Jonn, commc-
18818188 18 881888 8118118818 8818111,
111,18.

18818188, Rob. 88, tenant 81 Hoffing·
88818811, 858.

18188881, 11111, dian de windam, kim·
1888 81 1188818888 11818818 8888888181
811181188 college, i., 188, 287. ’

18181, 1188. 88, 818 nto-conduct 1ο Picrs
(18188188, 111, 890.

1811118818188888 81 881118 by, 1, 241;
188 “ Black 1)8818,” 11,, xxi.

18181, 8 811881, proprictor 81 St 11817
nathan, 111, 8117.

Pityngg, 1., collector 81 118811 181 188
88118181,11.,84.

1188818, 11811. 88, 188181 81 8881811881,
executor 81 J. 88 88811881, Β188811 81
1188888181, 11,, 451.

Plommcr, ’1., 8181. 1181118818111886 1118
1111811188 of 188 81181881, 818.

1188111188,11111.,11188181,1111888888 a 8888,
111, 891.

18883881118381 1118811811, 88 em·
8188111818,1,181.

1818181, Gcoffi, 8 8888888881 8188888381
11881 188 Δ1888188ορ,1,88.

1811818818, Sir 111811, 188 hines kccper
81 Colcpcpcn’o 181181188 18888,1,98,
880.

1881181, Thomu, 1181111 18 tho 1181118, 1.,

Pomm, 11111, 8 8888881881 monh, 111, 172
8 .

szg'ooefam 8 1111181, 111, 178.
1181, 11111, mercor, employed 8111181
Sclling, iii.. 278.

1818818118881181011111881 Ε. 1181811811), Imm· ⁸· ⁰f infflffissifflt '²1⁰0 81111 to 188

8188818888, 1., 28.
1188188 (8881 1818188881),188 1181811888
given 181818188818 811881, 11,, 819.

818 msc-conduct 18 11818 (1818818811, Primwy ⁰s Cfflterbury. 1 8118188 81 188

1811112 nieh.,1ay 1811881 18 18811181, 11,,
848.

8188818181811831οηί18 188 8188818881)
of York,i.‚xxxviii.; composition oon-
coming, 111, 851.

1881188811 0881818111888818118818, 888 1111888811 (1188118818818181181 tonante

consequent 8881888181, 1., 18, 19.

81, 111, 888.

 

