410 66666616

666166 16661166666 menet, 16 (6661616661, 6 66661 11616666 61
16666616 Roy 61666 666616, 61 come 6666661 6 16166666 61
166 666666666 61 166 mortu 166 6166666; 61 6661 gruunt 6166-
6116161 peril 16 66666 Mu 116666, 61 661611666166 116666 lygo,
666 666166 16661166666 1611, 616 661 6616 666166, 6 perpetual (16-
16666 61 damage du Roy 61 16 666 6661666, 61 111666 66 ly 661
666666 666666 666 mer, 666 16 luy covyeut 6666166166 666 66
616 6166616666 666666, 6 61 gruunt 66661161 (16 quur 61 16
66666 66 661666 6616 1666116666 16 666 66161 16 66116666 66
16161 61. Hugh, 666116616666 66 66616 66666616 66 6666 66611
6611166,1 6166 11666, 666 666166 66161 6666 66 6666 66166 pur·
6616 666 666166 Suignur 16 Boi, 1661666616 1666616666 (16 861616
1661166( 166 Ρ661616 (16116661661, 11661616, Hy, Norhhwych,
161666 161661666666661 1666611166 16 166 11666 16 Seium Es·
glise 61161666 161116, 61166611166166 6166616, 16 lor 666661,
61161661666666, 61166161666 6166 6 666,6116616666661166
66666661666616616666 161116 6 16616, 66666 16661666666 si
6666 66 66116661 mye 166616661666661166616 guero ul 661616·
166 16 86161 Esglise, 666666 1666616166, 66661666 66161166,
666666, 6116661666, 66616611166 6666666661, 61 666 16616, 666
16 66 6666 666166 66 111666 1161 6661666 666 1166 166 Seiguur,
66 6666 66166 (66661616 66666611666616666166 loy 61 666666,
6666, Hugh, come 1666 66161166, 66616166 genta 166 armen
deynz 6666663116, 611616166 61666 61166666 us (16 66666-
1666, 61 16166166 66 661 1661 1661 1661116 (166166616 Eegliue
pur 6166616 666 1161616,’666 61 merito, 66 (166611 (16 6666,
11666 1161 graues 61 6661666. Hugh, 66666 66616 (6666616,
6666 666666166166 666166 Seiguur 16 1166166666661611666-
166666661661, 66 (1661661166666 16 66 comune 61 16 666
hiron, 6 (16666 6 666166 61666, 61 1661 166661 16661666, 16
066616 161166666166, 61 6 Andron de Η66616, 611661 11611666
61 66166166 61 6116661, 16 066616 16 0661661, 61 6 vous,
Hugh, 161666616 (1661666666 61 661666 16666 61 6661 666616·
666616 (16 0666666. Et 61 161166, 666 666166 61666, 6666
Hugh, 61 1161661 16 Β61161( 6661166 116 116666 16 Reyguo
16 66 1666, 66 ly 1661 (1666 61 66616666 666 666166 Seignur
161166ς 61166616166 66 666 6661666 616 166666 6666666661,
6666166 16 dignito 16 16616666 16666 66161; 6116116661 61
6666666661 1666661 166616666, 66616 1666 166616666 61 16616666,
661666 16611611 666166 6666 666 66166 666166 Seiguur 16 Roy
61 ly. 111, Hugh, 666 16 66 116 116666 16 1161366 61 666 1116,

666 16 6666666166661 61 1666661 666166 Seignur 16 1166,

luuffrir, MS. 36166166 116 66616661 Harl 61
2666 161611 This 6661 66· [66666666166616611616116.
doubtodly ought 16 16 „iu the 616· ³ (66616611

 

