420 11101011.

0011111 1101103110 00100 11010, 11010 01011 1011000001 110010 01
difficulty 10 1100 10111111 1011 0011 110 001011 Β10010000 10, 01, or

oppon, 001 0101101, 1101110, 01 sentence eonteynid 100111 001011
011110110οο00, 01 001 porte 01 110 seme, we 11011 thot 1110101010ιο
0100 0011 0000110001οο 1101 off be referred only to 00 0011 surh
01 0111 0011000110οε 110 1010101010 1100010110 10 10 01111010 10
110 001110 0101101. Αο1101011110,110110110011 ordeigne, yn
lyke 11100, 11111 110 001110 0100 0011 proeesse 0011 1003103111 the
001110 000110 01 110100,111100000101 1011οι11100, 0010001011
be 10010 1111110011 11110 0000001101 1110 00010 0011 1010310110
001110 000110, 10 000110οο011 1101103 110 001110 1110 10110; 0011
11011011101100 exeeneion 1101011 011101 001110 00000 hie 0000-
0011, 0011 10103 10 110 001110 (100110, before the 1001 1101 01 1101111
0011 000110103 10 00011000 110 001110 0100 0011 proeesse 01
above. Wyllng 0011 01101111 commeandinge 1011 10 conforme
1011 10 1110 0111 0111000000, ss 10 intende 10 01000 00 0011 0101110
0111 310111100100010. And 0110111 intente in this 1010110110
11011 1101 1011 0011111 00 11 10111 11111103, before 111011ιι 110101
101111 0011 0011101103 01 110 10111001 3 000011010103101111101110
heve in like 11100, 10 every 1010110, 011111οε1 0111 01101 lettres 10
110 001110 Β1001100000, 001 1101111030 1011101110111111100101010
11010 10110 seme. Provyded elweyes, 1101 1110 0111 0010,
10111030, 001101111000000, medo 0011 (10110011 101 110 0001110030
01 110 metior 01 10110000 111100οᾶ1030 yn 110101001011111110110011
110 0011100 010100000111011, 101 110 11100Ι es 11011 ferend 00000
110 3101101100 0011 censes 01010 0000111011 es 10101101 0000111010-
01000 00 0000111111 0101103, 10 yn no wyse prejudieieil 01 10111011
10 1011, 110101, 01 001 off 110110, 10100101110111131111, 111100,
possessione, 0100011001000,000101000, 0101101 interesse 11101 so
01011101 10 ; 101 1101 110 00010 10 0011 stende 10 00010 stete 0011
0001110100 01101 11011100 ebore prefixedes 1111 was 101010 110
11111103 0111000 01110 1011100; 0101001103 0011 0110100011 1100101-
103, 1101 this 0111 101110 01011 001110 (101030101ἰο 10 1011, thrym,
0100101 11010110 110 0101010000,101010 001 juggis 0011110011
01 1010001011 011101 1111110 11100111 10100 01 11111 0111, 101 110
(1100000103 01 possession 01101011000100 01 001 0100011001οο.
Yeven under 0111 013001, 01 0111 100001 01 (1100001010, 110 xxiij.
110101 February the fourth 101001 0111 teigne. (Anno Domini
n⁰cccco⁰x11⁰.) ¹

Here 01111111 110 1100101110 1110311 lettres sent to My 101110 Arche· J

bushope 00000101ος 110 0101030111001110 (31010101 Centurbury yn
probette 01 1001000000.

ιΤ10 Anno 1100101010.οῐ 110 0000010111011 10011010 11011 imi·
001101 0001 10110110 written 11 a 1011031111 ancient 101100 01 letters.

 

